"1",1,-4558.58042167725,155269.366111595
"2",1,-4562.53560958109,155277.805010837
"3",1,-4570.24029022379,155285.195880338
"4",1,-4581.29219511728,155291.44508398
"5",1,-4595.12382695812,155296.534831578
"6",1,-4611.08433486006,155300.51320517
"7",1,-4628.51772805774,155303.476521944
"8",1,-4646.82261399197,155305.549532944
"9",1,-4665.4879157231,155306.867771054
"10",1,-4684.10661296477,155307.564304764
"11",1,-4702.37346476765,155307.761316519
"12",1,-4720.0733162832,155307.565801031
"13",1,-4737.06537516612,155307.068252389
"14",1,-4753.26705413735,155306.343235975
"15",1,-4768.63936853581,155305.450973449
"16",1,-4783.1747247981,155304.439341308
"17",1,-4796.88723364695,155303.345915835
"18",1,-4809.80531957347,155302.199866351
"19",1,-4821.96625412547,155301.023608902
"20",1,-4833.41221894039,155299.834197985
"21",1,-4844.18754198633,155298.64446887
"22",1,-4854.33680981965,155297.463959146
"23",1,-4863.9036202682,155296.299643166
"24",1,-4872.92979494519,155295.156512345
"25",1,-4881.45491641909,155294.038030857
"26",1,-4889.51609065396,155292.946491912
"27",1,-4897.14786267889,155291.883295393
"28",1,-4904.38223389475,155290.849163721
"29",1,-4911.24874448322,155289.844309336
"30",1,-4917.77459534028,155288.868564453
"31",1,-4923.98479185422,155287.921481396
"32",1,-4929.90229749609,155287.002410053
"33",1,-4935.54818919823,155286.110557524
"34",1,-4940.94180932003,155285.24503393
"35",1,-4946.10091097088,155284.404887454
"36",1,-4951.041794824,155283.589131018
"37",1,-4955.77943648466,155282.796762458
"38",1,-4960.32760410086,155282.026779641
"39",1,-4964.69896631329,155281.278191669
"40",1,-4968.90519089986,155280.550027039
"41",1,-4972.95703462403,155279.841339447
"42",1,-4976.86442487908,155279.15121178
"43",1,-4980.63653375449,155278.478758708
"44",1,-4984.28184515348,155277.823128208
"45",1,-4987.80821557239,155277.183502269
"46",1,-4991.22292912247,155276.559096986
"47",1,-4994.53274733686,155275.949162196
"48",1,-4997.74395426513,155275.352980768
"49",1,-5000.86239731583,155274.76986766
"50",1,-5003.89352426691,155274.199168802
"51",1,-5006.84241682503,155273.640259859
"52",1,-5009.71382107784,155273.092544937
"53",1,-5012.51217514988,155272.555455242
"54",1,-5015.24163434126,155272.02844773
"55",1,-5017.90609400016,155271.511003768
"56",1,-5020.50921035441,155271.002627815
"57",1,-5023.05441950436,155270.502846133
"58",1,-5025.54495475816,155270.011205538
"59",1,-5027.98386247212,155269.527272194
"60",1,-5030.37401654192,155269.050630455
"61",1,-5032.71813167544,155268.580881754
"62",1,-5035.0187755647,155268.117643537
"63",1,-5037.27838006221,155267.66054825
"64",1,-5039.49925145675,155267.209242368
"65",1,-5041.68357993354,155266.763385473
"66",1,-5043.83344829572,155266.322649376
"67",1,-5045.95084001626,155265.886717271
"68",1,-5048.03764668259,155265.455282945
"69",1,-5050.09567489044,155265.028050007
"70",1,-5052.12665263771,155264.604731167
"71",1,-5054.13223526445,155264.185047535
"72",1,-5056.11401098097,155263.768727961
"73",1,-5058.07350602179,155263.35550839
"74",1,-5060.0121894602,155262.945131258
"75",1,-5061.93147771473,155262.537344897
"76",1,-5063.83273877632,155262.131902969
"77",1,-5065.71729618248,155261.72856392
"78",1,-5067.58643276255,155261.327090441
"79",1,-5069.4413941761,155260.92724896
"80",1,-5071.28339226501,155260.528809132
"81",1,-5073.11360823799,155260.131543348
"82",1,-5074.93319570513,155259.73522625
"83",1,-5076.74328357864,155259.339634257
"84",1,-5078.54497885511,155258.944545093
"85",1,-5080.33936929345,155258.549737318
"86",1,-5082.12752600212,155258.154989866
"87",1,-5083.91050594817,155257.760081574
"88",1,-5085.68935440055,155257.364790717
"89",1,-5087.46510731895,155256.968894536
"90",1,-5089.23879369982,155256.57216876
"91",1,-5091.01143789007,155256.174387117
"92",1,-5092.78406187944,155255.775320843
"93",1,-5094.55768758183,155255.374738169
"94",1,-5096.33333911606,155254.972403797
"95",1,-5098.11204509648,155254.568078365
"96",1,-5099.89484094394,155254.161517882
"97",1,-5101.68277122761,155253.752473146
"98",1,-5103.47689204866,155253.340689138
"99",1,-5105.2782734769,155252.925904386
"100",1,-5107.08800205188,155252.507850294
"101",1,-5108.90718336064,155252.086250442
"102",1,-5110.73694470461,155251.660819841
"103",1,-5112.57843786903,155251.231264149
"104",1,-5114.43284200901,155250.797278833
"105",1,-5116.30136666723,155250.358548287
"106",1,-5118.18525493934,155249.914744878
"107",1,-5120.08578680429,155249.465527944
"108",1,-5122.00428263813,155249.010542705
"109",1,-5123.94210693142,155248.549419105
"110",1,-5125.90067223187,155248.081770562
"111",1,-5127.88144333595,155247.60719263
"112",1,-5129.88594175516,155247.125261543
"113",1,-5131.91575048499,155246.635532657
"114",1,-5133.97251910753,155246.137538752
"115",1,-5136.05796926117,155245.630788202
"116",1,-5138.17390051458,155245.114762979
"117",1,-5140.32219668553,155244.588916489
"118",1,-5142.50483264948,155244.052671217
"119",1,-5144.7238816872,155243.505416156
"120",1,-5146.98152342601,155242.946504
"121",1,-5149.280052435,155242.375248077
"122",1,-5151.62188754068,155241.790918991
"123",1,-5154.00958193706,155241.19274093
"124",1,-5156.44583417189,155240.57988763
"125",1,-5158.9335000997,155239.951477912
"126",1,-5161.47560590223,155239.306570789
"127",1,-5164.07536228799,155238.644160051
"128",1,-5166.73617999473,155237.963168294
"129",1,-5169.46168673252,155237.262440308
"130",1,-5172.25574572004,155236.540735751
"131",1,-5175.12247598352,155235.796721025
"132",1,-5178.06627460618,155235.028960236
"133",1,-5181.09184113611,155234.235905139
"134",1,-5184.20420438271,155233.415883929
"135",1,-5187.40875185536,155232.567088719
"136",1,-5190.71126212378,155231.687561538
"137",1,-5194.11794040622,155230.775178652
"138",1,-5197.63545771956,155229.827632965
"139",1,-5201.27099395365,155228.842414256
"140",1,-5205.03228525905,155227.816786932
"141",1,-5208.92767616208,155226.747764958
"142",1,-5212.96617684003,155225.632083559
"143",1,-5217.15752599935,155224.466167249
"144",1,-5221.51225979533,155223.246093631
"145",1,-5226.04178720513,155221.967552399
"146",1,-5230.75847220653,155220.625798816
"147",1,-5235.67572300711,155219.215600914
"148",1,-5240.80808839169,155217.731179489
"149",1,-5246.17136097957,155216.166139921
"150",1,-5251.7826867672,155214.513394665
"151",1,-5257.66067971732,155212.765075205
"152",1,-5263.82553926513,155210.912432123
"153",1,-5270.29916733395,155208.945721901
"154",1,-5277.10527963725,155206.854079057
"155",1,-5284.26950348344,155204.625372336
"156",1,-5291.81945071231,155202.24604396
"157",1,-5299.78474939572,155199.700931521
"158",1,-5308.19701102029,155196.973073123
"159",1,-5317.08970036631,155194.043498041
"160",1,-5326.49786234347,155190.891007891
"161",1,-5336.45764257627,155187.491957468
"162",1,-5347.00551530889,155183.820050725
"163",1,-5358.17710192977,155179.846176791
"164",1,-5370.00542506941,155175.53832458
"165",1,-5382.51839670452,155170.861633921
"166",1,-5395.73528612967,155165.778667881
"167",1,-5409.66186167901,155160.250026308
"168",1,-5424.28386364822,155154.235464755
"169",1,-5439.55847391632,155147.69573284
"170",1,-5455.40355046072,155140.595392616
"171",1,-5471.68467024167,155132.906900169
"172",1,-5488.20057666978,155124.616194934
"173",1,-5504.66856732615,155115.729882218
"174",1,-5520.71273036763,155106.283740412
"175",1,-5535.85959428165,155096.351673938
"176",1,-5549.54716113745,155086.053385112
"177",1,-5561.15339911729,155075.558156276
"178",1,-5570.047700058,155065.081685229
"179",1,-5575.66266803995,155054.873553872
"180",1,-5577.5748283649,155045.195087441
"181",1,-5575.57507370259,155036.290744636
"182",1,-5569.70805454577,155028.359341494
"183",1,-5560.26732736828,155021.532447502
"184",1,-5547.74744226493,155015.865216094
"185",1,-5532.76802829495,155011.340644791
"186",1,-5515.99136770483,155007.884071541
"187",1,-5498.05214287062,155005.382543367
"188",1,-5479.50956709231,155003.703958777
"189",1,-5460.82324544819,155002.712670036
"190",1,-5442.34828947953,155002.280280878
"191",1,-5424.34307793096,155002.291879547
"192",1,-5406.9835283434,155002.648698979
"193",1,-5390.37937733133,155003.268361407
"194",1,-5374.58972560367,155004.083708316
"195",1,-5359.63649607982,155005.040949655
"196",1,-5345.51537068464,155006.097608267
"197",1,-5332.20428762826,155007.220534144
"198",1,-5319.66982013163,155008.38412494
"199",1,-5307.87183051176,155009.568803207
"200",1,-5296.76677947162,155010.759752288
"201",1,-5286.31001864112,155011.945888451
"202",1,-5276.45733230455,155013.119037156
"203",1,-5267.16593530053,155014.273279628
"204",1,-5258.39508373519,155015.404438282
"205",1,-5250.10641464317,155016.509673607
"206",1,-5242.26409934872,155017.587169548
"207",1,-5234.83487157977,155018.635888635
"208",1,-5227.78797381065,155019.655381794
"209",1,-5221.09505244838,155020.645640906
"210",1,-5214.73002316463,155021.60698468
"211",1,-5208.66892099042,155022.539970473
"212",1,-5202.8897450284,155023.445326301
"213",1,-5197.37230427048,155024.323898543
"214",1,-5192.09806864691,155025.176611856
"215",1,-5187.05002779115,155026.004438577
"216",1,-5182.21255887678,155026.808375503
"217",1,-5177.57130411882,155027.589426404
"218",1,-5173.11305802452,155028.348588988
"219",1,-5168.82566415219,155029.086845313
"220",1,-5164.69792093497,155029.805154885
"221",1,-5160.71949601158,155030.504449815
"222",1,-5156.88084845002,155031.185631575
"223",1,-5153.1731582335,155031.849568975
"224",1,-5149.58826238661,155032.497097079
"225",1,-5146.11859714511,155033.129016824
"226",1,-5142.75714560687,155033.746095174
"227",1,-5139.49739034129,155034.349065672
"228",1,-5136.33327047574,155034.938629273
"229",1,-5133.25914281909,155035.515455386
"230",1,-5130.26974662212,155036.080183053
"231",1,-5127.36017161252,155036.633422224
"232",1,-5124.52582897766,155037.175755074
"233",1,-5121.76242500035,155037.707737354
"234",1,-5119.06593708296,155038.229899736
"235",1,-5116.43259192202,155038.742749143
"236",1,-5113.85884561992,155039.246770057
"237",1,-5111.3413655423,155039.742425785
"238",1,-5108.87701374941,155040.230159688
"239",1,-5106.46283184762,155040.710396367
"240",1,-5104.09602712282,155041.18354279
"241",1,-5101.77395983201,155041.649989391
"242",1,-5099.49413154158,155042.110111098
"243",1,-5097.25417441246,155042.564268332
"244",1,-5095.05184134232,155043.012807953
"245",1,-5092.88499688378,155043.456064156
"246",1,-5090.75160886593,155043.894359337
"247",1,-5088.64974065347,155044.328004907
"248",1,-5086.57754398415,155044.757302076
"249",1,-5084.53325233102,155045.182542594
"250",1,-5082.51517474091,155045.604009468
"251",1,-5080.52169010542,155046.021977635
"252",1,-5078.55124182441,155046.436714621
"253",1,-5076.60233282582,155046.848481159
"254",1,-5074.67352090895,155047.257531793
"255",1,-5072.76341438107,155047.664115457
"256",1,-5070.87066795987,155048.068476029
"257",1,-5068.99397891666,155048.470852875
"258",1,-5067.13208343718,155048.871481371
"259",1,-5065.28375317882,155049.270593415
"260",1,-5063.44779200457,155049.668417922
"261",1,-5061.62303287563,155050.065181316
"262",1,-5059.80833488568,155050.461108006
"263",1,-5058.00258042127,155050.856420863
"264",1,-5056.20467243342,155051.251341687
"265",1,-5054.41353180665,155051.646091671
"266",1,-5052.62809481247,155052.040891874
"267",1,-5050.84731063461,155052.43596368
"268",1,-5049.07013895443,155052.831529271
"269",1,-5047.29554758483,155053.227812102
"270",1,-5045.52251014177,155053.625037383
"271",1,-5043.75000374252,155054.02343257
"272",1,-5041.97700672016,155054.423227865
"273",1,-5040.20249634381,155054.824656735
"274",1,-5038.42544653421,155055.22795644
"275",1,-5036.64482556432,155055.633368587
"276",1,-5034.85959373422,155056.041139698
"277",1,-5033.06870100974,155056.451521804
"278",1,-5031.27108461372,155056.864773071
"279",1,-5029.46566655863,155057.281158447
"280",1,-5027.65135110864,155057.700950348
"281",1,-5025.82702215899,155058.124429385
"282",1,-5023.99154051946,155058.551885123
"283",1,-5022.14374108849,155058.983616889
"284",1,-5020.28242990326,155059.419934641
"285",1,-5018.40638105014,155059.861159875
"286",1,-5016.51433341916,155060.307626607
"287",1,-5014.60498728428,155060.759682419
"288",1,-5012.6770006904,155061.217689579
"289",1,-5010.72898562621,155061.682026244
"290",1,-5008.75950396011,155062.153087754
"291",1,-5006.76706311463,155062.631288026
"292",1,-5004.75011145249,155063.117061063
"293",1,-5002.70703334484,155063.610862575
"294",1,-5000.63614388951,155064.113171747
"295",1,-4998.53568324403,155064.624493148
"296",1,-4996.40381053454,155065.145358805
"297",1,-4994.23859729796,155065.676330466
"298",1,-4992.03802041041,155066.218002057
"299",1,-4989.79995444987,155066.771002367
"300",1,-4987.52216343592,155067.335997985
"301",1,-4985.20229188307,155067.913696504
"302",1,-4982.83785509755,155068.504850047
"303",1,-4980.42622863994,155069.110259122
"304",1,-4977.96463686748,155069.730776866
"305",1,-4975.45014046051,155070.36731372
"306",1,-4972.87962282725,155071.020842572
"307",1,-4970.249775269,155071.692404444
"308",1,-4967.55708077555,155072.383114774
"309",1,-4964.79779630555,155073.094170375
"310",1,-4961.9679333912,155073.826857146
"311",1,-4959.06323688871,155074.582558644
"312",1,-4956.07916167705,155075.362765611
"313",1,-4953.01084708593,155076.169086593
"314",1,-4949.85308881154,155077.003259784
"315",1,-4946.60030805361,155077.867166261
"316",1,-4943.24651758115,155078.762844805
"317",1,-4939.78528440679,155079.6925085
"318",1,-4936.20968872163,155080.658563387
"319",1,-4932.51227871442,155081.663629424
"320",1,-4928.68502087331,155082.710564102
"321",1,-4924.71924534565,155083.802489069
"322",1,-4920.60558591685,155084.942820207
"323",1,-4916.33391416519,155086.135301649
"324",1,-4911.89326736415,155087.384044294
"325",1,-4907.27176974519,155088.693569474
"326",1,-4902.45654681525,155090.068858515
"327",1,-4897.43363256237,155091.515409017
"328",1,-4892.18786960521,155093.039298812
"329",1,-4886.70280268199,155094.647258666
"330",1,-4880.96056638179,155096.346754894
"331",1,-4874.94176876131,155098.146083175
"332",1,-4868.62537355933,155100.054474942
"333",1,-4861.98858524528,155102.082217744
"334",1,-4855.00674329665,155104.240790932
"335",1,-4847.65323513298,155106.543017847
"336",1,-4839.89944137117,155109.003235238
"337",1,-4831.71473294933,155111.637479918
"338",1,-4823.06654778046,155114.463691279
"339",1,-4813.92058570566,155117.501926225
"340",1,-4804.24117558145,155120.774579645
"341",1,-4793.99188851868,155124.306598447
"342",1,-4783.13649788099,155128.125669404
"343",1,-4771.64042086705,155132.262349722
"344",1,-4759.47281902149,155136.750092892
"345",1,-4746.60958504408,155141.625099541
"346",1,-4733.03749678271,155146.925892075
"347",1,-4718.7598660881,155152.692472009
"348",1,-4703.80402916292,155158.964871243
"349",1,-4688.23097755878,155165.780858586
"350",1,-4672.14725159338,155173.172524775
"351",1,-4655.71881825408,155181.161471291
"352",1,-4639.18592157428,155189.752418478
"353",1,-4622.87673489673,155198.925295363
"354",1,-4607.21609181243,155208.626351071
"355",1,-4592.72394371056,155218.759568136
"356",1,-4579.99727425147,155229.180563933
"357",1,-4569.67026396813,155239.695906467
"358",1,-4562.35182188593,155250.070758438
"359",1,-4558.54734116735,155260.04637783
"360",1,-4558.58042167725,155269.366111595
