ID	Lat	Lon	Oxigen
2	418817.4649	5555598.403	37.97670403
3	418857.4649	5555598.403	33.82352137
4	418897.4649	5555598.403	31.82664158
5	418907.4649	5555598.403	36.81008337
6	418817.4649	5555588.403	35.55619822
7	418927.4649	5555588.403	37.60918932
8	418797.4649	5555578.403	38.51709787
9	418837.4649	5555578.403	38.35014631
10	418857.4649	5555578.403	34.68184204
11	418917.4649	5555578.403	32.01302429
12	418927.4649	5555578.403	32.37128524
13	418947.4649	5555568.403	39.52446037
14	418967.4649	5555568.403	37.22284567
15	418977.4649	5555568.403	36.5345443
16	418807.4649	5555558.403	36.35330008
17	418897.4649	5555558.403	37.24843586
18	418907.4649	5555558.403	35.54472048
19	418837.4649	5555548.403	34.68080015
20	418897.4649	5555548.403	33.08061796
21	418947.4649	5555548.403	32.62440831
22	418967.4649	5555548.403	32.10526117
23	418987.4649	5555548.403	33.60426229
24	418997.4649	5555548.403	38.28856537
25	418787.4649	5555538.403	38.86724909
26	418877.4649	5555538.403	37.21065443
27	418927.4649	5555538.403	34.31244844
28	418947.4649	5555538.403	34.68559313
29	419117.4649	5555538.403	34.61573853
30	418827.4649	5555528.403	31.68442337
31	418877.4649	5555528.403	30.11750393
32	418957.4649	5555528.403	30.21167248
33	418997.4649	5555528.403	31.23819567
34	419007.4649	5555528.403	33.32398335
35	419037.4649	5555528.403	34.344356
36	419117.4649	5555528.403	35.7908679
37	418787.4649	5555518.403	37.01907505
38	418797.4649	5555518.403	36.98148706
39	418827.4649	5555518.403	36.44033846
40	418847.4649	5555518.403	35.0670089
41	419007.4649	5555518.403	33.75897747
42	419037.4649	5555518.403	32.40665253
43	419107.4649	5555518.403	31.49461264
44	418797.4649	5555508.403	29.54178741
45	418807.4649	5555508.403	29.93529503
46	418867.4649	5555508.403	31.95304607
47	418987.4649	5555508.403	36.22514334
48	419107.4649	5555508.403	36.43810251
49	418747.4649	5555498.403	35.78715221
50	418757.4649	5555498.403	35.28731842
51	418807.4649	5555498.403	35.35099765
52	418867.4649	5555498.403	35.11675013
53	418917.4649	5555498.403	36.66192387
54	418967.4649	5555498.403	35.41185405
55	419027.4649	5555498.403	35.08259474
56	419167.4649	5555498.403	34.22058245
57	418767.4649	5555488.403	31.94363159
58	418967.4649	5555488.403	29.49611023
59	418977.4649	5555488.403	29.24823124
60	418987.4649	5555488.403	31.17312359
61	419027.4649	5555488.403	33.73366302
62	419057.4649	5555488.403	33.97435043
63	419077.4649	5555488.403	33.66489216
64	419117.4649	5555488.403	31.61485875
65	419167.4649	5555488.403	36.74088057
66	419177.4649	5555488.403	36.02672476
67	418807.4649	5555478.403	34.9967971
68	418897.4649	5555478.403	31.82079323
69	418987.4649	5555478.403	29.35322487
70	419047.4649	5555478.403	30.86466082
71	419117.4649	5555478.403	33.14765123
72	418817.4649	5555468.403	34.06667896
73	418927.4649	5555468.403	33.44578808
74	418937.4649	5555468.403	31.11271126
75	419017.4649	5555468.403	40.88974211
76	419027.4649	5555468.403	37.27176315
77	419047.4649	5555468.403	35.8977227
78	419067.4649	5555468.403	38.81891283
79	419077.4649	5555468.403	37.29901241
80	419157.4649	5555468.403	35.46287285
81	418747.4649	5555458.403	34.26872353
82	418857.4649	5555458.403	48.96794514
83	418867.4649	5555458.403	43.90312878
84	418907.4649	5555458.403	41.63513021
85	418927.4649	5555458.403	42.66635273
86	419077.4649	5555458.403	40.96780285
87	419087.4649	5555458.403	37.48260832
88	418747.4649	5555448.403	44.17849476
89	418797.4649	5555448.403	42.48187805
90	418877.4649	5555448.403	41.08840166
91	419007.4649	5555448.403	39.18222269
92	419167.4649	5555448.403	38.29417393
93	418777.4649	5555438.403	39.19234587
94	418797.4649	5555438.403	37.66441887
95	418867.4649	5555438.403	37.47897478
96	418967.4649	5555438.403	33.52585728
97	418997.4649	5555438.403	31.86907789
98	419047.4649	5555438.403	36.4135527
99	419137.4649	5555438.403	35.56472269
100	418767.4649	5555428.403	37.42980436
101	418777.4649	5555428.403	38.73574787
102	418797.4649	5555428.403	38.22150732
103	418887.4649	5555428.403	34.67517061
104	418957.4649	5555428.403	31.74026907
105	418977.4649	5555428.403	32.45417953
106	419047.4649	5555428.403	39.61119007
107	419137.4649	5555428.403	37.2812768
108	419177.4649	5555428.403	36.54063337
109	419187.4649	5555428.403	36.32713472
110	418737.4649	5555418.403	37.15372908
111	418747.4649	5555418.403	35.6039035
112	418897.4649	5555418.403	34.19305105
113	418947.4649	5555418.403	33.10039948
114	419027.4649	5555418.403	32.42146963
115	419157.4649	5555418.403	31.87214741
116	418737.4649	5555408.403	33.38847015
117	418767.4649	5555408.403	38.07720238
118	418807.4649	5555408.403	38.65616205
119	418887.4649	5555408.403	36.80957092
120	418897.4649	5555408.403	34.10982668
121	418907.4649	5555408.403	34.72918739
122	419157.4649	5555408.403	34.81144556
123	419177.4649	5555408.403	31.40489149
124	419187.4649	5555408.403	29.6815835
125	418797.4649	5555398.403	30.20410395
126	418807.4649	5555398.403	31.10236597
127	418887.4649	5555398.403	33.29781309
128	419007.4649	5555398.403	34.45061073
129	419037.4649	5555398.403	35.62213755
130	419047.4649	5555398.403	36.76825533
131	419067.4649	5555398.403	36.5853912
132	419107.4649	5555398.403	36.24508826
133	419127.4649	5555398.403	35.00665424
134	419137.4649	5555398.403	33.25810658
135	418807.4649	5555388.403	32.19695999
136	419047.4649	5555388.403	31.46517342
137	419087.4649	5555388.403	29.80844358
138	418757.4649	5555378.403	29.97022203
139	418937.4649	5555378.403	31.78575968
140	418977.4649	5555378.403	36.26103632
141	419087.4649	5555378.403	36.83942657
142	419177.4649	5555378.403	35.6517001
143	418757.4649	5555368.403	35.01616755
144	418897.4649	5555368.403	35.35269714
145	418907.4649	5555368.403	35.22233976
146	418937.4649	5555368.403	36.76164916
147	418977.4649	5555368.403	34.82125427
148	419007.4649	5555368.403	34.29113451
149	419027.4649	5555368.403	33.72359639
150	419057.4649	5555368.403	32.0381633
151	419087.4649	5555368.403	28.95801012
152	419137.4649	5555368.403	28.57110931
153	418747.4649	5555358.403	30.83694527
154	418827.4649	5555358.403	33.43388968
155	418847.4649	5555358.403	33.86791815
156	419007.4649	5555358.403	33.69114723
157	419097.4649	5555358.403	31.63051435
158	419157.4649	5555358.403	37.04424391
159	418757.4649	5555348.403	35.95798318
160	418827.4649	5555348.403	34.97786615
161	418837.4649	5555348.403	31.5208325
162	419057.4649	5555348.403	28.86303936
163	419117.4649	5555348.403	30.54290436
164	419127.4649	5555348.403	33.06869318
165	418817.4649	5555338.403	33.98868675
166	418827.4649	5555338.403	33.54310511
167	419057.4649	5555338.403	30.89029799
168	419127.4649	5555338.403	41.15415556
169	419157.4649	5555338.403	37.08610111
170	418777.4649	5555328.403	35.77661892
171	418797.4649	5555328.403	39.26224094
172	418957.4649	5555328.403	37.88572147
173	418967.4649	5555328.403	35.47046412
174	418977.4649	5555328.403	34.01862692
175	418987.4649	5555328.403	49.62827225
176	419077.4649	5555328.403	44.45967331
177	419087.4649	5555328.403	42.17147228
178	418867.4649	5555318.403	43.10544701
179	418877.4649	5555318.403	41.48744514
180	418947.4649	5555318.403	37.85245237
181	419107.4649	5555318.403	44.68475597
182	418847.4649	5555308.403	42.35157543
183	418907.4649	5555308.403	40.77850727
184	418927.4649	5555308.403	38.9794504
185	418957.4649	5555308.403	38.23551985
186	418967.4649	5555308.403	38.60919504
187	419107.4649	5555308.403	37.52538485
188	419117.4649	5555308.403	37.62990204
189	418817.4649	5555298.403	33.07198965
190	418857.4649	5555298.403	31.24541889
191	418887.4649	5555298.403	36.09493221
192	418927.4649	5555298.403	35.02299936
193	418947.4649	5555298.403	37.20232004
194	418967.4649	5555298.403	38.63834253
195	418807.4649	5555288.403	37.97358421
196	418817.4649	5555288.403	33.97719688
197	418927.4649	5555288.403	31.54916986
198	418817.4649	5555278.403	31.89139863
199	418847.4649	5555278.403	39.11356361
200	418877.4649	5555278.403	37.19244808
